0 1 3 22 65 1 25 9 40 87 47 92 44 14 5 57 37 26 34 78 91 86 32 55 50 67 20 62 10 95 72 51 75 35 38 15 63 66 36 64 33 60 28 24 43 48 84 11 
2 3 46 93 74 12 8 79 29 41 52 53 23 82 31 70 77 17 80 61 94 88 39 73 7 27 90 83 76 56 71 81 42 21 19 85 13 58 45 89 68 18 30 49 54 59 16 69 
4 5 30 41 64 67 79 23 90 44 2 39 65 11 87 13 18 81 60 74 33 49 56 31 91 38 51 22 32 36 70 40 76 17 77 66 24 14 46 15 63 85 45 93 80 50 61 53 
6 7 19 42 71 28 72 9 83 62 69 43 1 88 78 52 3 86 34 26 82 35 29 21 27 5 25 75 94 47 37 92 7 89 0 55 54 68 58 48 20 57 12 16 84 73 59 95 
8 9 47 18 85 88 80 93 56 74 69 28 0 39 86 75 90 40 49 35 51 36 11 4 83 84 44 54 48 91 92 95 23 52 43 16 73 67 17 79 59 65 37 20 27 45 22 77 
10 11 57 60 3 70 50 82 9 63 46 94 33 76 6 42 26 87 41 32 5 24 89 53 13 21 30 72 19 71 1 61 29 78 25 81 7 66 38 2 68 34 55 64 62 58 31 15 
12 13 59 71 73 83 43 20 52 24 39 10 53 77 4 79 0 26 69 67 88 75 85 7 49 21 15 27 92 66 64 47 65 2 38 82 31 30 54 55 8 90 72 34 63 95 46 44 
14 15 51 36 76 87 6 35 37 61 78 56 68 32 22 62 42 93 28 41 94 1 70 89 50 58 9 3 33 23 13 74 91 80 25 60 19 45 86 29 57 11 5 48 81 40 17 84 
16 17 39 8 90 10 47 40 49 43 64 21 12 35 77 78 82 5 23 57 45 13 11 66 60 51 50 32 0 7 83 42 93 92 76 46 67 48 14 19 36 63 61 94 85 54 65 95 
18 19 2 55 62 52 80 86 24 31 33 81 74 58 72 26 59 28 53 29 89 91 75 41 88 71 68 79 44 34 70 1 27 3 38 87 15 69 4 9 56 17 25 84 6 30 73 37 
20 21 25 60 28 35 76 32 0 51 52 82 49 41 18 43 44 54 71 6 59 61 27 67 68 39 84 75 53 87 48 92 17 23 70 31 83 3 37 45 10 89 57 34 86 9 64 8 
22 23 93 63 85 72 13 30 65 5 47 4 50 2 79 16 46 80 56 62 29 12 73 88 40 77 90 74 33 94 91 14 21 7 42 78 15 58 38 19 81 1 69 55 11 66 95 36 
24 25 65 31 49 93 76 3 69 57 95 64 43 78 75 56 52 37 11 84 60 36 59 38 63 2 70 72 0 53 7 71 45 54 88 62 23 21 55 58 41 44 83 13 87 42 82 34 
26 27 80 18 35 5 22 32 67 47 50 4 89 90 79 12 25 8 20 91 19 17 16 85 92 10 27 81 46 9 29 48 40 39 74 15 1 73 14 94 66 68 51 86 61 77 6 33 
28 29 36 13 17 57 11 68 61 64 20 52 69 94 4 76 27 41 25 16 40 19 7 89 3 87 95 67 75 66 81 72 44 37 55 18 47 85 84 82 93 50 45 79 58 63 6 59 
30 31 74 22 31 91 88 90 46 78 15 23 71 14 33 49 26 5 54 2 38 42 21 70 56 39 83 8 77 29 9 12 48 35 53 24 62 0 92 51 10 86 60 65 73 43 1 80 
