0
1
2
3
4
5
6
7
8
9
10
11
12
13
14
15
16
17
18
19
20
21
22
23
24
25
26
27
28
29
30
31
32
33
34
35
36
37
38
39
40
41
42
43
44
45
46
47
48
49
50
51
52
53
54
55
56
57
58
59
60
61
62
63
64
65
66
67
68
69
70
71
72
73
74
75
76
77
78
79
80
81
82
83
84
85
86
87
88
89
90
91
92
93
94
95
96
97
98
99
100
101
102
103
104
105
106
107
108
109
110
111
112
113
114
115
116
117
118
119
120
121
122
123
124
125
126
127
128
129
130
131
132
133
134
135
136
137
138
139
140
141
142
143
144
145
146
147
148
149
150
151
152
153
154
155
156
157
158
159
160
161
162
163
164
165
166
167
168
169
170
171
172
173
174
175
176
177
178
179
180
181
182
183
184
185
186
187
188
189
190
191
192
193
194
195
196
197
198
199
200
201
202
203
204
205
206
207
Links
0 128 0 0.1
128 0 1 0.1
1 128 2 0.1
128 1 3 0.1
2 128 4 0.1
128 2 5 0.1
3 128 6 0.1
128 3 7 0.1
4 129 8 0.1
129 4 9 0.1
5 129 10 0.1
129 5 11 0.1
6 129 12 0.1
129 6 13 0.1
7 129 14 0.1
129 7 15 0.1
8 130 16 0.1
130 8 17 0.1
9 130 18 0.1
130 9 19 0.1
10 130 20 0.1
130 10 21 0.1
11 130 22 0.1
130 11 23 0.1
12 131 24 0.1
131 12 25 0.1
13 131 26 0.1
131 13 27 0.1
14 131 28 0.1
131 14 29 0.1
15 131 30 0.1
131 15 31 0.1
16 132 32 0.1
132 16 33 0.1
17 132 34 0.1
132 17 35 0.1
18 132 36 0.1
132 18 37 0.1
19 132 38 0.1
132 19 39 0.1
20 133 40 0.1
133 20 41 0.1
21 133 42 0.1
133 21 43 0.1
22 133 44 0.1
133 22 45 0.1
23 133 46 0.1
133 23 47 0.1
24 134 48 0.1
134 24 49 0.1
25 134 50 0.1
134 25 51 0.1
26 134 52 0.1
134 26 53 0.1
27 134 54 0.1
134 27 55 0.1
28 135 56 0.1
135 28 57 0.1
29 135 58 0.1
135 29 59 0.1
30 135 60 0.1
135 30 61 0.1
31 135 62 0.1
135 31 63 0.1
32 136 64 0.1
136 32 65 0.1
33 136 66 0.1
136 33 67 0.1
34 136 68 0.1
136 34 69 0.1
35 136 70 0.1
136 35 71 0.1
36 137 72 0.1
137 36 73 0.1
37 137 74 0.1
137 37 75 0.1
38 137 76 0.1
137 38 77 0.1
39 137 78 0.1
137 39 79 0.1
40 138 80 0.1
138 40 81 0.1
41 138 82 0.1
138 41 83 0.1
42 138 84 0.1
138 42 85 0.1
43 138 86 0.1
138 43 87 0.1
44 139 88 0.1
139 44 89 0.1
45 139 90 0.1
139 45 91 0.1
46 139 92 0.1
139 46 93 0.1
47 139 94 0.1
139 47 95 0.1
48 140 96 0.1
140 48 97 0.1
49 140 98 0.1
140 49 99 0.1
50 140 100 0.1
140 50 101 0.1
51 140 102 0.1
140 51 103 0.1
52 141 104 0.1
141 52 105 0.1
53 141 106 0.1
141 53 107 0.1
54 141 108 0.1
141 54 109 0.1
55 141 110 0.1
141 55 111 0.1
56 142 112 0.1
142 56 113 0.1
57 142 114 0.1
142 57 115 0.1
58 142 116 0.1
142 58 117 0.1
59 142 118 0.1
142 59 119 0.1
60 143 120 0.1
143 60 121 0.1
61 143 122 0.1
143 61 123 0.1
62 143 124 0.1
143 62 125 0.1
63 143 126 0.1
143 63 127 0.1
64 144 128 0.1
144 64 129 0.1
65 144 130 0.1
144 65 131 0.1
66 144 132 0.1
144 66 133 0.1
67 144 134 0.1
144 67 135 0.1
68 145 136 0.1
145 68 137 0.1
69 145 138 0.1
145 69 139 0.1
70 145 140 0.1
145 70 141 0.1
71 145 142 0.1
145 71 143 0.1
72 146 144 0.1
146 72 145 0.1
73 146 146 0.1
146 73 147 0.1
74 146 148 0.1
146 74 149 0.1
75 146 150 0.1
146 75 151 0.1
76 147 152 0.1
147 76 153 0.1
77 147 154 0.1
147 77 155 0.1
78 147 156 0.1
147 78 157 0.1
79 147 158 0.1
147 79 159 0.1
80 148 160 0.1
148 80 161 0.1
81 148 162 0.1
148 81 163 0.1
82 148 164 0.1
148 82 165 0.1
83 148 166 0.1
148 83 167 0.1
84 149 168 0.1
149 84 169 0.1
85 149 170 0.1
149 85 171 0.1
86 149 172 0.1
149 86 173 0.1
87 149 174 0.1
149 87 175 0.1
88 150 176 0.1
150 88 177 0.1
89 150 178 0.1
150 89 179 0.1
90 150 180 0.1
150 90 181 0.1
91 150 182 0.1
150 91 183 0.1
92 151 184 0.1
151 92 185 0.1
93 151 186 0.1
151 93 187 0.1
94 151 188 0.1
151 94 189 0.1
95 151 190 0.1
151 95 191 0.1
96 152 192 0.1
152 96 193 0.1
97 152 194 0.1
152 97 195 0.1
98 152 196 0.1
152 98 197 0.1
99 152 198 0.1
152 99 199 0.1
100 153 200 0.1
153 100 201 0.1
101 153 202 0.1
153 101 203 0.1
102 153 204 0.1
153 102 205 0.1
103 153 206 0.1
153 103 207 0.1
104 154 208 0.1
154 104 209 0.1
105 154 210 0.1
154 105 211 0.1
106 154 212 0.1
154 106 213 0.1
107 154 214 0.1
154 107 215 0.1
108 155 216 0.1
155 108 217 0.1
109 155 218 0.1
155 109 219 0.1
110 155 220 0.1
155 110 221 0.1
111 155 222 0.1
155 111 223 0.1
112 156 224 0.1
156 112 225 0.1
113 156 226 0.1
156 113 227 0.1
114 156 228 0.1
156 114 229 0.1
115 156 230 0.1
156 115 231 0.1
116 157 232 0.1
157 116 233 0.1
117 157 234 0.1
157 117 235 0.1
118 157 236 0.1
157 118 237 0.1
119 157 238 0.1
157 119 239 0.1
120 158 240 0.1
158 120 241 0.1
121 158 242 0.1
158 121 243 0.1
122 158 244 0.1
158 122 245 0.1
123 158 246 0.1
158 123 247 0.1
124 159 248 0.1
159 124 249 0.1
125 159 250 0.1
159 125 251 0.1
126 159 252 0.1
159 126 253 0.1
127 159 254 0.1
159 127 255 0.1
128 160 256 0.1
160 128 257 0.1
128 161 258 0.1
161 128 259 0.1
128 162 260 0.1
162 128 261 0.1
128 163 262 0.1
163 128 263 0.1
129 160 264 0.1
160 129 265 0.1
129 161 266 0.1
161 129 267 0.1
129 162 268 0.1
162 129 269 0.1
129 163 270 0.1
163 129 271 0.1
130 160 272 0.1
160 130 273 0.1
130 161 274 0.1
161 130 275 0.1
130 162 276 0.1
162 130 277 0.1
130 163 278 0.1
163 130 279 0.1
131 160 280 0.1
160 131 281 0.1
131 161 282 0.1
161 131 283 0.1
131 162 284 0.1
162 131 285 0.1
131 163 286 0.1
163 131 287 0.1
132 164 288 0.1
164 132 289 0.1
132 165 290 0.1
165 132 291 0.1
132 166 292 0.1
166 132 293 0.1
132 167 294 0.1
167 132 295 0.1
133 164 296 0.1
164 133 297 0.1
133 165 298 0.1
165 133 299 0.1
133 166 300 0.1
166 133 301 0.1
133 167 302 0.1
167 133 303 0.1
134 164 304 0.1
164 134 305 0.1
134 165 306 0.1
165 134 307 0.1
134 166 308 0.1
166 134 309 0.1
134 167 310 0.1
167 134 311 0.1
135 164 312 0.1
164 135 313 0.1
135 165 314 0.1
165 135 315 0.1
135 166 316 0.1
166 135 317 0.1
135 167 318 0.1
167 135 319 0.1
136 168 320 0.1
168 136 321 0.1
136 169 322 0.1
169 136 323 0.1
136 170 324 0.1
170 136 325 0.1
136 171 326 0.1
171 136 327 0.1
137 168 328 0.1
168 137 329 0.1
137 169 330 0.1
169 137 331 0.1
137 170 332 0.1
170 137 333 0.1
137 171 334 0.1
171 137 335 0.1
138 168 336 0.1
168 138 337 0.1
138 169 338 0.1
169 138 339 0.1
138 170 340 0.1
170 138 341 0.1
138 171 342 0.1
171 138 343 0.1
139 168 344 0.1
168 139 345 0.1
139 169 346 0.1
169 139 347 0.1
139 170 348 0.1
170 139 349 0.1
139 171 350 0.1
171 139 351 0.1
140 172 352 0.1
172 140 353 0.1
140 173 354 0.1
173 140 355 0.1
140 174 356 0.1
174 140 357 0.1
140 175 358 0.1
175 140 359 0.1
141 172 360 0.1
172 141 361 0.1
141 173 362 0.1
173 141 363 0.1
141 174 364 0.1
174 141 365 0.1
141 175 366 0.1
175 141 367 0.1
142 172 368 0.1
172 142 369 0.1
142 173 370 0.1
173 142 371 0.1
142 174 372 0.1
174 142 373 0.1
142 175 374 0.1
175 142 375 0.1
143 172 376 0.1
172 143 377 0.1
143 173 378 0.1
173 143 379 0.1
143 174 380 0.1
174 143 381 0.1
143 175 382 0.1
175 143 383 0.1
144 176 384 0.1
176 144 385 0.1
144 177 386 0.1
177 144 387 0.1
144 178 388 0.1
178 144 389 0.1
144 179 390 0.1
179 144 391 0.1
145 176 392 0.1
176 145 393 0.1
145 177 394 0.1
177 145 395 0.1
145 178 396 0.1
178 145 397 0.1
145 179 398 0.1
179 145 399 0.1
146 176 400 0.1
176 146 401 0.1
146 177 402 0.1
177 146 403 0.1
146 178 404 0.1
178 146 405 0.1
146 179 406 0.1
179 146 407 0.1
147 176 408 0.1
176 147 409 0.1
147 177 410 0.1
177 147 411 0.1
147 178 412 0.1
178 147 413 0.1
147 179 414 0.1
179 147 415 0.1
148 180 416 0.1
180 148 417 0.1
148 181 418 0.1
181 148 419 0.1
148 182 420 0.1
182 148 421 0.1
148 183 422 0.1
183 148 423 0.1
149 180 424 0.1
180 149 425 0.1
149 181 426 0.1
181 149 427 0.1
149 182 428 0.1
182 149 429 0.1
149 183 430 0.1
183 149 431 0.1
150 180 432 0.1
180 150 433 0.1
150 181 434 0.1
181 150 435 0.1
150 182 436 0.1
182 150 437 0.1
150 183 438 0.1
183 150 439 0.1
151 180 440 0.1
180 151 441 0.1
151 181 442 0.1
181 151 443 0.1
151 182 444 0.1
182 151 445 0.1
151 183 446 0.1
183 151 447 0.1
152 184 448 0.1
184 152 449 0.1
152 185 450 0.1
185 152 451 0.1
152 186 452 0.1
186 152 453 0.1
152 187 454 0.1
187 152 455 0.1
153 184 456 0.1
184 153 457 0.1
153 185 458 0.1
185 153 459 0.1
153 186 460 0.1
186 153 461 0.1
153 187 462 0.1
187 153 463 0.1
154 184 464 0.1
184 154 465 0.1
154 185 466 0.1
185 154 467 0.1
154 186 468 0.1
186 154 469 0.1
154 187 470 0.1
187 154 471 0.1
155 184 472 0.1
184 155 473 0.1
155 185 474 0.1
185 155 475 0.1
155 186 476 0.1
186 155 477 0.1
155 187 478 0.1
187 155 479 0.1
156 188 480 0.1
188 156 481 0.1
156 189 482 0.1
189 156 483 0.1
156 190 484 0.1
190 156 485 0.1
156 191 486 0.1
191 156 487 0.1
157 188 488 0.1
188 157 489 0.1
157 189 490 0.1
189 157 491 0.1
157 190 492 0.1
190 157 493 0.1
157 191 494 0.1
191 157 495 0.1
158 188 496 0.1
188 158 497 0.1
158 189 498 0.1
189 158 499 0.1
158 190 500 0.1
190 158 501 0.1
158 191 502 0.1
191 158 503 0.1
159 188 504 0.1
188 159 505 0.1
159 189 506 0.1
189 159 507 0.1
159 190 508 0.1
190 159 509 0.1
159 191 510 0.1
191 159 511 0.1
160 192 512 0.1
192 160 513 0.1
160 193 514 0.1
193 160 515 0.1
160 194 516 0.1
194 160 517 0.1
160 195 518 0.1
195 160 519 0.1
161 196 520 0.1
196 161 521 0.1
161 197 522 0.1
197 161 523 0.1
161 198 524 0.1
198 161 525 0.1
161 199 526 0.1
199 161 527 0.1
162 200 528 0.1
200 162 529 0.1
162 201 530 0.1
201 162 531 0.1
162 202 532 0.1
202 162 533 0.1
162 203 534 0.1
203 162 535 0.1
163 204 536 0.1
204 163 537 0.1
163 205 538 0.1
205 163 539 0.1
163 206 540 0.1
206 163 541 0.1
163 207 542 0.1
207 163 543 0.1
164 192 544 0.1
192 164 545 0.1
164 193 546 0.1
193 164 547 0.1
164 194 548 0.1
194 164 549 0.1
164 195 550 0.1
195 164 551 0.1
165 196 552 0.1
196 165 553 0.1
165 197 554 0.1
197 165 555 0.1
165 198 556 0.1
198 165 557 0.1
165 199 558 0.1
199 165 559 0.1
166 200 560 0.1
200 166 561 0.1
166 201 562 0.1
201 166 563 0.1
166 202 564 0.1
202 166 565 0.1
166 203 566 0.1
203 166 567 0.1
167 204 568 0.1
204 167 569 0.1
167 205 570 0.1
205 167 571 0.1
167 206 572 0.1
206 167 573 0.1
167 207 574 0.1
207 167 575 0.1
168 192 576 0.1
192 168 577 0.1
168 193 578 0.1
193 168 579 0.1
168 194 580 0.1
194 168 581 0.1
168 195 582 0.1
195 168 583 0.1
169 196 584 0.1
196 169 585 0.1
169 197 586 0.1
197 169 587 0.1
169 198 588 0.1
198 169 589 0.1
169 199 590 0.1
199 169 591 0.1
170 200 592 0.1
200 170 593 0.1
170 201 594 0.1
201 170 595 0.1
170 202 596 0.1
202 170 597 0.1
170 203 598 0.1
203 170 599 0.1
171 204 600 0.1
204 171 601 0.1
171 205 602 0.1
205 171 603 0.1
171 206 604 0.1
206 171 605 0.1
171 207 606 0.1
207 171 607 0.1
172 192 608 0.1
192 172 609 0.1
172 193 610 0.1
193 172 611 0.1
172 194 612 0.1
194 172 613 0.1
172 195 614 0.1
195 172 615 0.1
173 196 616 0.1
196 173 617 0.1
173 197 618 0.1
197 173 619 0.1
173 198 620 0.1
198 173 621 0.1
173 199 622 0.1
199 173 623 0.1
174 200 624 0.1
200 174 625 0.1
174 201 626 0.1
201 174 627 0.1
174 202 628 0.1
202 174 629 0.1
174 203 630 0.1
203 174 631 0.1
175 204 632 0.1
204 175 633 0.1
175 205 634 0.1
205 175 635 0.1
175 206 636 0.1
206 175 637 0.1
175 207 638 0.1
207 175 639 0.1
176 192 640 0.1
192 176 641 0.1
176 193 642 0.1
193 176 643 0.1
176 194 644 0.1
194 176 645 0.1
176 195 646 0.1
195 176 647 0.1
177 196 648 0.1
196 177 649 0.1
177 197 650 0.1
197 177 651 0.1
177 198 652 0.1
198 177 653 0.1
177 199 654 0.1
199 177 655 0.1
178 200 656 0.1
200 178 657 0.1
178 201 658 0.1
201 178 659 0.1
178 202 660 0.1
202 178 661 0.1
178 203 662 0.1
203 178 663 0.1
179 204 664 0.1
204 179 665 0.1
179 205 666 0.1
205 179 667 0.1
179 206 668 0.1
206 179 669 0.1
179 207 670 0.1
207 179 671 0.1
180 192 672 0.1
192 180 673 0.1
180 193 674 0.1
193 180 675 0.1
180 194 676 0.1
194 180 677 0.1
180 195 678 0.1
195 180 679 0.1
181 196 680 0.1
196 181 681 0.1
181 197 682 0.1
197 181 683 0.1
181 198 684 0.1
198 181 685 0.1
181 199 686 0.1
199 181 687 0.1
182 200 688 0.1
200 182 689 0.1
182 201 690 0.1
201 182 691 0.1
182 202 692 0.1
202 182 693 0.1
182 203 694 0.1
203 182 695 0.1
183 204 696 0.1
204 183 697 0.1
183 205 698 0.1
205 183 699 0.1
183 206 700 0.1
206 183 701 0.1
183 207 702 0.1
207 183 703 0.1
184 192 704 0.1
192 184 705 0.1
184 193 706 0.1
193 184 707 0.1
184 194 708 0.1
194 184 709 0.1
184 195 710 0.1
195 184 711 0.1
185 196 712 0.1
196 185 713 0.1
185 197 714 0.1
197 185 715 0.1
185 198 716 0.1
198 185 717 0.1
185 199 718 0.1
199 185 719 0.1
186 200 720 0.1
200 186 721 0.1
186 201 722 0.1
201 186 723 0.1
186 202 724 0.1
202 186 725 0.1
186 203 726 0.1
203 186 727 0.1
187 204 728 0.1
204 187 729 0.1
187 205 730 0.1
205 187 731 0.1
187 206 732 0.1
206 187 733 0.1
187 207 734 0.1
207 187 735 0.1
188 192 736 0.1
192 188 737 0.1
188 193 738 0.1
193 188 739 0.1
188 194 740 0.1
194 188 741 0.1
188 195 742 0.1
195 188 743 0.1
189 196 744 0.1
196 189 745 0.1
189 197 746 0.1
197 189 747 0.1
189 198 748 0.1
198 189 749 0.1
189 199 750 0.1
199 189 751 0.1
190 200 752 0.1
200 190 753 0.1
190 201 754 0.1
201 190 755 0.1
190 202 756 0.1
202 190 757 0.1
190 203 758 0.1
203 190 759 0.1
191 204 760 0.1
204 191 761 0.1
191 205 762 0.1
205 191 763 0.1
191 206 764 0.1
206 191 765 0.1
191 207 766 0.1
207 191 767 0.1
