0
1
2
3
4
5
6
7
8
9
10
11
12
13
14
15
16
17
18
19
20
21
22
23
24
25
26
27
28
29
30
31
32
33
34
35
Links
0 16 0 0.1
16 0 1 0.1
1 16 2 0.1
16 1 3 0.1
2 17 4 0.1
17 2 5 0.1
3 17 6 0.1
17 3 7 0.1
4 18 8 0.1
18 4 9 0.1
5 18 10 0.1
18 5 11 0.1
6 19 12 0.1
19 6 13 0.1
7 19 14 0.1
19 7 15 0.1
8 20 16 0.1
20 8 17 0.1
9 20 18 0.1
20 9 19 0.1
10 21 20 0.1
21 10 21 0.1
11 21 22 0.1
21 11 23 0.1
12 22 24 0.1
22 12 25 0.1
13 22 26 0.1
22 13 27 0.1
14 23 28 0.1
23 14 29 0.1
15 23 30 0.1
23 15 31 0.1
16 24 32 0.1
24 16 33 0.1
16 25 34 0.1
25 16 35 0.1
17 24 36 0.1
24 17 37 0.1
17 25 38 0.1
25 17 39 0.1
18 26 40 0.1
26 18 41 0.1
18 27 42 0.1
27 18 43 0.1
19 26 44 0.1
26 19 45 0.1
19 27 46 0.1
27 19 47 0.1
20 28 48 0.1
28 20 49 0.1
20 29 50 0.1
29 20 51 0.1
21 28 52 0.1
28 21 53 0.1
21 29 54 0.1
29 21 55 0.1
22 30 56 0.1
30 22 57 0.1
22 31 58 0.1
31 22 59 0.1
23 30 60 0.1
30 23 61 0.1
23 31 62 0.1
31 23 63 0.1
24 32 64 0.1
32 24 65 0.1
24 33 66 0.1
33 24 67 0.1
25 34 68 0.1
34 25 69 0.1
25 35 70 0.1
35 25 71 0.1
26 32 72 0.1
32 26 73 0.1
26 33 74 0.1
33 26 75 0.1
27 34 76 0.1
34 27 77 0.1
27 35 78 0.1
35 27 79 0.1
28 32 80 0.1
32 28 81 0.1
28 33 82 0.1
33 28 83 0.1
29 34 84 0.1
34 29 85 0.1
29 35 86 0.1
35 29 87 0.1
30 32 88 0.1
32 30 89 0.1
30 33 90 0.1
33 30 91 0.1
31 34 92 0.1
34 31 93 0.1
31 35 94 0.1
35 31 95 0.1
