0: 6 40 83 69 48 46 38 52 55 74 33 32 20 16 89 85 71 80 47 57 39 88 3 93 56 91 1 26 82 54 86 50 34 12 67 77 25 30 19 18 23 94 27 9 41 43 35 45
1: 70 14 29 84 87 17 81 24 66 75 4 90 79 92 53 8 5 58 10 61 65 0 21 64 2 60 44 51 59 22 95 36 49 37 63 28 11 13 68 73 31 42 78 72 62 7 15 76
2: 92 24 64 28 57 35 7 39 89 58 94 81 86 50 85 21 65 69 2 32 67 93 79 37 78 47 91 8 29 1 72 43 83 36 16 15 0 25 56 41 87 66 71 76 22 20 68 48
3: 59 60 19 54 42 38 12 45 17 55 84 82 34 31 5 75 62 61 9 44 49 51 4 3 53 11 30 40 46 90 63 77 33 73 27 13 6 23 80 10 18 74 70 14 26 52 88 95
4: 13 89 10 76 74 15 56 86 49 69 48 91 2 83 39 9 95 43 26 23 51 36 63 50 5 47 17 46 61 38 20 84 31 66 29 59 87 75 85 77 28 44 70 21 30 22 12 94
5: 1 37 42 3 71 16 7 19 33 80 32 52 78 60 82 0 24 92 79 93 40 62 34 41 57 67 54 55 68 72 58 35 88 4 6 45 53 81 65 25 11 90 27 73 64 18 8 14
6: 38 28 63 1 32 10 40 48 93 56 65 23 0 8 4 52 44 57 59 7 51 39 19 94 37 64 62 12 73 11 9 88 55 83 49 76 13 43 78 41 5 90 46 69 66 3 29 80
7: 58 42 20 14 86 24 95 71 2 47 74 81 87 18 67 75 15 25 16 17 34 70 60 50 72 21 84 89 79 77 92 85 27 22 61 53 33 68 91 54 82 6 45 26 30 36 31 35
8: 41 33 12 77 27 18 13 29 71 46 10 39 57 15 7 62 20 72 47 40 91 64 79 93 65 58 11 49 21 22 34 59 66 54 43 24 8 4 78 19 89 73 74 92 6 85 35 16
9: 42 52 94 63 84 0 23 67 31 70 36 30 3 95 5 61 88 90 60 56 45 38 82 44 55 9 87 81 32 68 86 83 1 17 53 50 26 80 51 76 37 75 14 2 25 48 28 69
10: 23 89 50 74 84 94 10 26 83 3 73 1 85 86 17 2 49 24 30 13 27 91 78 16 44 15 25 11 20 59 21 14 76 31 55 35 90 57 95 4 64 34 67 28 68 0 38 63
11: 19 22 54 61 93 43 70 92 80 7 6 33 36 18 29 77 52 45 39 65 58 9 71 12 56 62 8 37 51 46 40 5 72 32 60 69 47 87 42 75 79 48 88 66 41 81 53 82
12: 48 64 94 54 6 62 23 22 8 21 58 71 10 65 63 84 86 67 46 18 80 2 60 89 11 20 17 66 13 40 91 69 53 95 72 4 16 83 76 56 61 39 36 19 49 14 79 38
13: 57 42 35 34 51 85 55 31 52 27 43 41 25 1 3 90 87 12 92 74 47 68 7 29 9 77 28 73 81 24 32 93 30 88 26 70 33 50 0 15 5 45 59 82 44 37 75 78
14: 65 53 95 36 74 66 47 75 49 59 54 88 23 28 42 19 17 43 40 72 90 71 93 39 33 70 37 78 62 14 22 94 31 64 73 57 86 6 35 1 12 76 32 82 15 60 89 18
15: 0 87 51 68 85 63 80 84 34 41 61 92 4 50 83 20 30 38 13 45 27 67 56 16 91 24 69 21 52 26 29 2 7 8 58 81 3 44 77 9 5 46 48 79 55 10 11 25
