0
1
2
3
4
5
6
7
8
9
10
11
12
13
14
15
16
17
18
19
20
21
22
23
24
25
26
27
28
29
30
31
32
33
34
35
Links
0 16 0 0.1
16 0 1 0.1
16 0 2 0.1
0 16 3 0.1
1 16 4 0.1
16 1 5 0.1
16 1 6 0.1
1 16 7 0.1
2 17 8 0.1
17 2 9 0.1
17 2 10 0.1
2 17 11 0.1
3 17 12 0.1
17 3 13 0.1
17 3 14 0.1
3 17 15 0.1
4 18 16 0.1
18 4 17 0.1
18 4 18 0.1
4 18 19 0.1
5 18 20 0.1
18 5 21 0.1
18 5 22 0.1
5 18 23 0.1
6 19 24 0.1
19 6 25 0.1
19 6 26 0.1
6 19 27 0.1
7 19 28 0.1
19 7 29 0.1
19 7 30 0.1
7 19 31 0.1
8 20 32 0.1
20 8 33 0.1
20 8 34 0.1
8 20 35 0.1
9 20 36 0.1
20 9 37 0.1
20 9 38 0.1
9 20 39 0.1
10 21 40 0.1
21 10 41 0.1
21 10 42 0.1
10 21 43 0.1
11 21 44 0.1
21 11 45 0.1
21 11 46 0.1
11 21 47 0.1
12 22 48 0.1
22 12 49 0.1
22 12 50 0.1
12 22 51 0.1
13 22 52 0.1
22 13 53 0.1
22 13 54 0.1
13 22 55 0.1
14 23 56 0.1
23 14 57 0.1
23 14 58 0.1
14 23 59 0.1
15 23 60 0.1
23 15 61 0.1
23 15 62 0.1
15 23 63 0.1
16 24 64 0.1
24 16 65 0.1
24 16 66 0.1
16 24 67 0.1
16 25 68 0.1
25 16 69 0.1
25 16 70 0.1
16 25 71 0.1
17 24 72 0.1
24 17 73 0.1
24 17 74 0.1
17 24 75 0.1
17 25 76 0.1
25 17 77 0.1
25 17 78 0.1
17 25 79 0.1
18 26 80 0.1
26 18 81 0.1
26 18 82 0.1
18 26 83 0.1
18 27 84 0.1
27 18 85 0.1
27 18 86 0.1
18 27 87 0.1
19 26 88 0.1
26 19 89 0.1
26 19 90 0.1
19 26 91 0.1
19 27 92 0.1
27 19 93 0.1
27 19 94 0.1
19 27 95 0.1
20 28 96 0.1
28 20 97 0.1
28 20 98 0.1
20 28 99 0.1
20 29 100 0.1
29 20 101 0.1
29 20 102 0.1
20 29 103 0.1
21 28 104 0.1
28 21 105 0.1
28 21 106 0.1
21 28 107 0.1
21 29 108 0.1
29 21 109 0.1
29 21 110 0.1
21 29 111 0.1
22 30 112 0.1
30 22 113 0.1
30 22 114 0.1
22 30 115 0.1
22 31 116 0.1
31 22 117 0.1
31 22 118 0.1
22 31 119 0.1
23 30 120 0.1
30 23 121 0.1
30 23 122 0.1
23 30 123 0.1
23 31 124 0.1
31 23 125 0.1
31 23 126 0.1
23 31 127 0.1
24 32 128 0.1
32 24 129 0.1
32 24 130 0.1
24 32 131 0.1
24 33 132 0.1
33 24 133 0.1
33 24 134 0.1
24 33 135 0.1
25 34 136 0.1
34 25 137 0.1
34 25 138 0.1
25 34 139 0.1
25 35 140 0.1
35 25 141 0.1
35 25 142 0.1
25 35 143 0.1
26 32 144 0.1
32 26 145 0.1
32 26 146 0.1
26 32 147 0.1
26 33 148 0.1
33 26 149 0.1
33 26 150 0.1
26 33 151 0.1
27 34 152 0.1
34 27 153 0.1
34 27 154 0.1
27 34 155 0.1
27 35 156 0.1
35 27 157 0.1
35 27 158 0.1
27 35 159 0.1
28 32 160 0.1
32 28 161 0.1
32 28 162 0.1
28 32 163 0.1
28 33 164 0.1
33 28 165 0.1
33 28 166 0.1
28 33 167 0.1
29 34 168 0.1
34 29 169 0.1
34 29 170 0.1
29 34 171 0.1
29 35 172 0.1
35 29 173 0.1
35 29 174 0.1
29 35 175 0.1
30 32 176 0.1
32 30 177 0.1
32 30 178 0.1
30 32 179 0.1
30 33 180 0.1
33 30 181 0.1
33 30 182 0.1
30 33 183 0.1
31 34 184 0.1
34 31 185 0.1
34 31 186 0.1
31 34 187 0.1
31 35 188 0.1
35 31 189 0.1
35 31 190 0.1
31 35 191 0.1
